FOV_row,FOV_col,count
22,22,7477
21,22,8221
20,22,7229
19,22,7390
18,22,6694
17,22,6177
16,22,6945
15,22,7809
14,22,7169
13,22,7272
12,22,7037
11,22,7181
10,22,6992
9,22,6809
8,22,6573
7,22,7630
6,22,6138
5,22,6493
4,22,5093
3,22,6196
2,22,8151
1,22,7775
0,22,5093
22,21,7273
21,21,8074
20,21,7343
19,21,7118
18,21,6567
17,21,5920
16,21,6804
15,21,7289
14,21,6477
13,21,6716
12,21,6638
11,21,6452
10,21,6495
9,21,6623
8,21,6366
7,21,7407
6,21,5873
5,21,6033
4,21,4756
3,21,5741
2,21,7785
1,21,7712
0,21,4804
22,20,7159
21,20,8258
20,20,7532
19,20,7101
18,20,6473
17,20,6145
16,20,6907
15,20,6898
14,20,6354
13,20,6835
12,20,6690
11,20,6232
10,20,6303
9,20,6484
8,20,6081
7,20,7044
6,20,5597
5,20,6041
4,20,4742
3,20,5827
2,20,8064
1,20,7596
0,20,4867
22,19,7304
21,19,8087
20,19,7530
19,19,7104
18,19,6711
17,19,6082
16,19,6606
15,19,6638
14,19,6116
13,19,6827
12,19,6869
11,19,6237
10,19,6388
9,19,6186
8,19,5720
7,19,6897
6,19,5800
5,19,6234
4,19,4967
3,19,5849
2,19,7835
1,19,7758
0,19,5093
22,18,7122
21,18,8015
20,18,7548
19,18,7175
18,18,6723
17,18,6197
16,18,6405
15,18,6368
14,18,5935
13,18,6717
12,18,6885
11,18,6047
10,18,5942
9,18,6244
8,18,5709
7,18,6620
6,18,5624
5,18,6026
4,18,5044
3,18,6216
2,18,7774
1,18,7927
0,18,5855
22,17,7219
21,17,8039
20,17,7740
19,17,7357
18,17,7073
17,17,6500
16,17,6743
15,17,6383
14,17,5994
13,17,7003
12,17,7201
11,17,6110
10,17,5925
9,17,6348
8,17,6120
7,17,6792
6,17,5952
5,17,5974
4,17,5487
3,17,6347
2,17,7806
1,17,7706
0,17,5261
22,16,7108
21,16,7931
20,16,7724
19,16,7280
18,16,7213
17,16,6838
16,16,6438
15,16,6159
14,16,5825
13,16,6889
12,16,7129
11,16,5863
10,16,6019
9,16,6069
8,16,6637
7,16,6750
6,16,6583
5,16,5902
4,16,5703
3,16,6435
2,16,7618
1,16,7746
0,16,6246
22,15,7056
21,15,7910
20,15,7629
19,15,7339
18,15,7290
17,15,6830
16,15,6584
15,15,6407
14,15,5882
13,15,7346
12,15,7242
11,15,6188
10,15,6065
9,15,5862
8,15,6477
7,15,6706
6,15,6165
5,15,5853
4,15,5576
3,15,6143
2,15,7412
1,15,7350
0,15,6409
22,14,7180
21,14,7852
20,14,7672
19,14,7327
18,14,7250
17,14,7217
16,14,6742
15,14,6450
14,14,6128
13,14,7158
12,14,7489
11,14,6370
10,14,5774
9,14,5812
8,14,6721
7,14,6650
6,14,6509
5,14,6189
4,14,5851
3,14,6022
2,14,7753
1,14,7216
0,14,6357
22,13,7361
21,13,7824
20,13,7604
19,13,7416
18,13,7089
17,13,7164
16,13,6582
15,13,6664
14,13,6043
13,13,7338
12,13,7422
11,13,6778
10,13,6038
9,13,5684
8,13,6698
7,13,6456
6,13,6305
5,13,6746
4,13,5843
3,13,5935
2,13,7643
1,13,7301
0,13,6494
22,12,7421
21,12,7827
20,12,7751
19,12,7510
18,12,7154
17,12,7173
16,12,6830
15,12,6896
14,12,6119
13,12,7415
12,12,7585
11,12,6790
10,12,5673
9,12,5574
8,12,6913
7,12,7345
6,12,6202
5,12,6911
4,12,5825
3,12,5878
2,12,7601
1,12,7424
0,12,6575
22,11,7573
21,11,7662
20,11,7989
19,11,7351
18,11,7415
17,11,7020
16,11,6942
15,11,7022
14,11,6299
13,11,7382
12,11,7542
11,11,6842
10,11,5584
9,11,5670
8,11,6659
7,11,6561
6,11,6475
5,11,7191
4,11,5802
3,11,5724
2,11,7476
1,11,7031
0,11,6825
22,10,7462
21,10,7672
20,10,7923
19,10,7698
18,10,7554
17,10,7121
16,10,6835
15,10,7155
14,10,6665
13,10,7536
12,10,7699
11,10,6759
10,10,5336
9,10,6212
8,10,7197
7,10,7095
6,10,6792
5,10,7629
4,10,5655
3,10,6023
2,10,7445
1,10,6938
0,10,7167
22,9,7419
21,9,7777
20,9,7800
19,9,7578
18,9,7416
17,9,7292
16,9,6634
15,9,7262
14,9,6882
13,9,7505
12,9,7720
11,9,6930
10,9,5268
9,9,5936
8,9,7097
7,9,7431
6,9,7028
5,9,7584
4,9,5563
3,9,6091
2,9,7307
1,9,7116
0,9,7060
22,8,7000
21,8,7941
20,8,7946
19,8,7900
18,8,7551
17,8,7148
16,8,6578
15,8,7637
14,8,7151
13,8,7596
12,8,7894
11,8,7296
10,8,6044
9,8,6660
8,8,7348
7,8,7662
6,8,7145
5,8,7317
4,8,5682
3,8,6120
2,8,7537
1,8,6530
0,8,7468
22,7,6935
21,7,8233
20,7,8343
19,7,7995
18,7,8048
17,7,7284
16,7,6713
15,7,7679
14,7,7304
13,7,7702
12,7,7892
11,7,7690
10,7,6039
9,7,6683
8,7,7426
7,7,8132
6,7,7746
5,7,7354
4,7,6194
3,7,6789
2,7,7697
1,7,7007
0,7,8027
22,6,7272
21,6,8062
20,6,8150
19,6,8101
18,6,8152
17,6,7398
16,6,6668
15,6,7826
14,6,7561
13,6,7864
12,6,7924
11,6,8130
10,6,6099
9,6,6597
8,6,7659
7,6,8534
6,6,7632
5,6,7544
4,6,6044
3,6,6914
2,6,7518
1,6,6801
0,6,8005
22,5,7145
21,5,8097
20,5,8185
19,5,8244
18,5,8394
17,5,7541
16,5,6460
15,5,8239
14,5,7729
13,5,8095
12,5,7961
11,5,8213
10,5,6079
9,5,7060
8,5,7523
7,5,8284
6,5,7230
5,5,7584
4,5,6392
3,5,7701
2,5,7059
1,5,6713
0,5,8394
22,4,7038
21,4,8286
20,4,8101
19,4,7760
18,4,8753
17,4,7706
16,4,6740
15,4,8492
14,4,7871
13,4,8001
12,4,8185
11,4,8442
10,4,6061
9,4,7331
8,4,7431
7,4,7952
6,4,7164
5,4,7839
4,4,6783
3,4,7617
2,4,6904
1,4,6896
0,4,8092
22,3,6946
21,3,8065
20,3,8067
19,3,7468
18,3,8497
17,3,7574
16,3,6823
15,3,8153
14,3,8167
13,3,8014
12,3,8121
11,3,8814
10,3,6239
9,3,7611
8,3,7347
7,3,7875
6,3,7161
5,3,7844
4,3,7149
3,3,7594
2,3,6841
1,3,7496
0,3,8355
22,2,5923
21,2,7689
20,2,8025
19,2,7363
18,2,8537
17,2,7294
16,2,6515
15,2,7558
14,2,8182
13,2,8078
12,2,8066
11,2,8548
10,2,6284
9,2,7641
8,2,7278
7,2,7686
6,2,6722
5,2,6731
4,2,7050
3,2,6884
2,2,6771
1,2,6802
0,2,8345
22,1,5946
21,1,7569
20,1,8257
19,1,8042
18,1,8582
17,1,7627
16,1,6961
15,1,7710
14,1,8445
13,1,8151
12,1,8149
11,1,8755
10,1,6143
9,1,7764
8,1,7734
7,1,8075
6,1,6570
5,1,6388
4,1,7485
3,1,7254
2,1,7271
1,1,7411
0,1,9666
22,0,5811
21,0,7332
20,0,8039
19,0,7783
18,0,8323
17,0,7763
16,0,7201
15,0,7485
14,0,8418
13,0,7266
12,0,8044
11,0,8535
10,0,6864
9,0,7878
8,0,7756
7,0,8828
6,0,6998
5,0,6185
4,0,7828
3,0,7058
2,0,8448
1,0,8381
0,0,10610
