FOV_row,FOV_col,count
22,22,6688
21,22,8213
20,22,8445
19,22,8199
18,22,6951
17,22,6962
16,22,7228
15,22,7818
14,22,7549
13,22,7733
12,22,7524
11,22,8485
10,22,7587
9,22,6933
8,22,6894
7,22,7304
6,22,6263
5,22,6231
4,22,5367
3,22,6425
2,22,8687
1,22,8410
0,22,6640
22,21,6741
21,21,8119
20,21,8231
19,21,7877
18,21,6678
17,21,6919
16,21,6735
15,21,7278
14,21,6663
13,21,7265
12,21,7150
11,21,7726
10,21,7692
9,21,6715
8,21,6717
7,21,6981
6,21,6062
5,21,6429
4,21,5469
3,21,6179
2,21,8497
1,21,8456
0,21,6726
22,20,6995
21,20,8140
20,20,8777
19,20,7895
18,20,6741
17,20,7183
16,20,6635
15,20,6997
14,20,6566
13,20,7272
12,20,7066
11,20,7029
10,20,7477
9,20,6592
8,20,6912
7,20,7339
6,20,6126
5,20,6460
4,20,5626
3,20,6203
2,20,8468
1,20,8340
0,20,6676
22,19,7274
21,19,8469
20,19,8735
19,19,7949
18,19,7164
17,19,7301
16,19,6696
15,19,6858
14,19,6603
13,19,7194
12,19,7016
11,19,6661
10,19,8945
9,19,6384
8,19,7050
7,19,7307
6,19,6129
5,19,6323
4,19,5631
3,19,6197
2,19,8794
1,19,8248
0,19,6838
22,18,7384
21,18,8377
20,18,8613
19,18,7946
18,18,7294
17,18,7667
16,18,6528
15,18,6855
14,18,6509
13,18,7600
12,18,6919
11,18,7823
10,18,8081
9,18,6080
8,18,6717
7,18,7030
6,18,6308
5,18,6228
4,18,5902
3,18,6203
2,18,8735
1,18,8365
0,18,6960
22,17,7509
21,17,8150
20,17,8585
19,17,7827
18,17,7770
17,17,7627
16,17,6623
15,17,6654
14,17,6253
13,17,7304
12,17,7199
11,17,6393
10,17,5998
9,17,6315
8,17,6903
7,17,7271
6,17,5996
5,17,6337
4,17,5888
3,17,6175
2,17,8945
1,17,8283
0,17,6936
22,16,7744
21,16,8435
20,16,8285
19,16,7942
18,16,7633
17,16,8004
16,16,6926
15,16,6890
14,16,6611
13,16,8014
12,16,7359
11,16,6772
10,16,5852
9,16,6189
8,16,7006
7,16,7653
6,16,5910
5,16,6519
4,16,6461
3,16,7202
2,16,8936
1,16,8458
0,16,7064
22,15,7681
21,15,8406
20,15,8207
19,15,7975
18,15,7354
17,15,7777
16,15,6951
15,15,6932
14,15,6936
13,15,7828
12,15,7075
11,15,6449
10,15,5507
9,15,5978
8,15,7183
7,15,7381
6,15,6381
5,15,7130
4,15,6659
3,15,6680
2,15,8224
1,15,8492
0,15,7245
22,14,7544
21,14,8237
20,14,8374
19,14,7627
18,14,7318
17,14,7588
16,14,7134
15,14,6887
14,14,6655
13,14,7827
12,14,7145
11,14,6389
10,14,5192
9,14,5689
8,14,7484
7,14,7319
6,14,6677
5,14,7490
4,14,6574
3,14,6755
2,14,8119
1,14,8383
0,14,7221
22,13,7425
21,13,8523
20,13,8525
19,13,7764
18,13,7354
17,13,7381
16,13,7257
15,13,7035
14,13,6868
13,13,7951
12,13,7320
11,13,6804
10,13,5701
9,13,5933
8,13,7424
7,13,8057
6,13,6789
5,13,8116
4,13,6105
3,13,6628
2,13,8056
1,13,8207
0,13,7916
22,12,7567
21,12,8511
20,12,8480
19,12,8039
18,12,7533
17,12,7539
16,12,7095
15,12,7077
14,12,7081
13,12,8077
12,12,7623
11,12,6826
10,12,5981
9,12,6155
8,12,7573
7,12,8157
6,12,7118
5,12,8303
4,12,6432
3,12,6416
2,12,7804
1,12,8268
0,12,8184
22,11,8006
21,11,8668
20,11,8496
19,11,8394
18,11,7715
17,11,7548
16,11,7289
15,11,7334
14,11,7421
13,11,8085
12,11,7753
11,11,7006
10,11,6058
9,11,5796
8,11,7796
7,11,8140
6,11,6907
5,11,7856
4,11,6483
3,11,6587
2,11,7844
1,11,8232
0,11,8404
22,10,7817
21,10,8828
20,10,8372
19,10,8377
18,10,7587
17,10,7875
16,10,7358
15,10,7396
14,10,7553
13,10,8292
12,10,7394
11,10,6850
10,10,6180
9,10,6232
8,10,8001
7,10,8242
6,10,6926
5,10,8050
4,10,6432
3,10,6685
2,10,7883
1,10,8098
0,10,8362
22,9,7713
21,9,8896
20,9,8529
19,9,8135
18,9,7758
17,9,7881
16,9,7245
15,9,7544
14,9,7866
13,9,8414
12,9,7522
11,9,7408
10,9,6371
9,9,6335
8,9,8011
7,9,8375
6,9,7197
5,9,8234
4,9,6075
3,9,6993
2,9,7765
1,9,8016
0,9,8412
22,8,7665
21,8,8782
20,8,8571
19,8,8400
18,8,8168
17,8,7822
16,8,7038
15,8,8023
14,8,7902
13,8,8536
12,8,7234
11,8,7315
10,8,6613
9,8,6520
8,8,8219
7,8,8414
6,8,7358
5,8,8234
4,8,5912
3,8,6905
2,8,7554
1,8,7981
0,8,8700
22,7,7664
21,7,9089
20,7,8635
19,7,8578
18,7,8327
17,7,7954
16,7,7230
15,7,8179
14,7,7959
13,7,8642
12,7,7700
11,7,7404
10,7,6340
9,7,6465
8,7,8093
7,7,8615
6,7,6907
5,7,7586
4,7,6333
3,7,6860
2,7,7242
1,7,8082
0,7,8868
22,6,7369
21,6,9427
20,6,8727
19,6,8635
18,6,8663
17,6,7769
16,6,7355
15,6,8479
14,6,8501
13,6,8766
12,6,8104
11,6,7932
10,6,6442
9,6,6705
8,6,7735
7,6,8792
6,6,6622
5,6,7659
4,6,6662
3,6,6632
2,6,7397
1,6,8264
0,6,9013
22,5,7456
21,5,9478
20,5,8729
19,5,8875
18,5,8605
17,5,7387
16,5,7636
15,5,8601
14,5,8552
13,5,8797
12,5,8233
11,5,8391
10,5,6883
9,5,6314
8,5,8050
7,5,9095
6,5,7430
5,5,8189
4,5,7195
3,5,7379
2,5,7673
1,5,8036
0,5,9702
22,4,7377
21,4,9007
20,4,8527
19,4,8497
18,4,8646
17,4,7455
16,4,7376
15,4,8413
14,4,8580
13,4,8844
12,4,8102
11,4,8387
10,4,6952
9,4,6794
8,4,7822
7,4,9048
6,4,7446
5,4,8499
4,4,7275
3,4,7515
2,4,7829
1,4,8159
0,4,9583
22,3,7083
21,3,8629
20,3,8246
19,3,8093
18,3,8612
17,3,7686
16,3,7622
15,3,8652
14,3,8823
13,3,8977
12,3,8189
11,3,8079
10,3,7272
9,3,6850
8,3,7651
7,3,8429
6,3,7986
5,3,8198
4,3,6575
3,3,7267
2,3,8482
1,3,7767
0,3,9475
22,2,6741
21,2,8789
20,2,8307
19,2,7637
18,2,8668
17,2,7623
16,2,7448
15,2,8576
14,2,9183
13,2,8925
12,2,8157
11,2,8048
10,2,7732
9,2,7071
8,2,7915
7,2,9011
6,2,8491
5,2,7999
4,2,7962
3,2,7797
2,2,9057
1,2,8178
0,2,9747
22,1,6711
21,1,7687
20,1,7556
19,1,7218
18,1,8202
17,1,7326
16,1,7263
15,1,8496
14,1,8873
13,1,8785
12,1,8207
11,1,7996
10,1,8471
9,1,6871
8,1,7988
7,1,8862
6,1,8187
5,1,7853
4,1,8197
3,1,7815
2,1,9015
1,1,9237
0,1,10596
22,0,6471
21,0,7030
20,0,7491
19,0,7690
18,0,7592
17,0,7569
16,0,6917
15,0,8048
14,0,8615
13,0,7128
12,0,8099
11,0,7905
10,0,8443
9,0,7291
8,0,8549
7,0,9105
6,0,8439
5,0,7901
4,0,9083
3,0,7598
2,0,9312
1,0,8309
0,0,10763
