FOV_row,FOV_col,count
22,22,8268
21,22,7505
20,22,6986
19,22,7344
18,22,6742
17,22,6477
16,22,7455
15,22,7575
14,22,7495
13,22,8177
12,22,7516
11,22,7109
10,22,6972
9,22,6494
8,22,6721
7,22,7254
6,22,6959
5,22,6442
4,22,7164
3,22,5927
2,22,7577
1,22,7720
0,22,4263
22,21,8100
21,21,7324
20,21,7092
19,21,6615
18,21,6343
17,21,6191
16,21,7537
15,21,7023
14,21,6827
13,21,7709
12,21,7233
11,21,6782
10,21,6736
9,21,5932
8,21,6181
7,21,7341
6,21,6804
5,21,6606
4,21,7168
3,21,5893
2,21,7645
1,21,8357
0,21,4722
22,20,7920
21,20,7260
20,20,7050
19,20,6412
18,20,5778
17,20,5822
16,20,6985
15,20,6579
14,20,6180
13,20,7124
12,20,6908
11,20,6501
10,20,6233
9,20,5827
8,20,6111
7,20,6614
6,20,6260
5,20,6302
4,20,6456
3,20,5611
2,20,7404
1,20,7927
0,20,4644
22,19,8316
21,19,7450
20,19,7084
19,19,6914
18,19,6048
17,19,5765
16,19,6867
15,19,6580
14,19,6109
13,19,7144
12,19,7056
11,19,6643
10,19,6279
9,19,6284
8,19,6245
7,19,6412
6,19,6574
5,19,6298
4,19,6424
3,19,5585
2,19,7125
1,19,7728
0,19,4865
22,18,8159
21,18,7513
20,18,7173
19,18,6724
18,18,5910
17,18,5724
16,18,6494
15,18,5996
14,18,5760
13,18,6711
12,18,6970
11,18,6208
10,18,5988
9,18,5639
8,18,5844
7,18,6003
6,18,6097
5,18,6204
4,18,6285
3,18,5744
2,18,7207
1,18,7639
0,18,5053
22,17,8006
21,17,7508
20,17,7459
19,17,6628
18,17,5950
17,17,5680
16,17,6346
15,17,6035
14,17,5678
13,17,6585
12,17,6563
11,17,5848
10,17,5721
9,17,5569
8,17,5945
7,17,6073
6,17,5881
5,17,6141
4,17,6000
3,17,5593
2,17,7074
1,17,7655
0,17,5089
22,16,8109
21,16,7720
20,16,7597
19,16,6702
18,16,6194
17,16,5737
16,16,6256
15,16,6229
14,16,5956
13,16,6858
12,16,7089
11,16,5892
10,16,5928
9,16,5808
8,16,6135
7,16,6660
6,16,5783
5,16,6071
4,16,6334
3,16,5692
2,16,6858
1,16,7940
0,16,5038
22,15,8227
21,15,7489
20,15,7315
19,15,6367
18,15,6293
17,15,5869
16,15,6219
15,15,6096
14,15,5855
13,15,6446
12,15,6829
11,15,5827
10,15,5774
9,15,5560
8,15,6359
7,15,6814
6,15,5833
5,15,6124
4,15,6372
3,15,5854
2,15,7016
1,15,7911
0,15,5255
22,14,8550
21,14,7139
20,14,7294
19,14,6298
18,14,6384
17,14,5627
16,14,6465
15,14,5808
14,14,6066
13,14,6608
12,14,6806
11,14,5834
10,14,5724
9,14,5527
8,14,6433
7,14,6764
6,14,6107
5,14,6201
4,14,6426
3,14,5958
2,14,7157
1,14,7949
0,14,5510
22,13,8616
21,13,7702
20,13,7340
19,13,6537
18,13,6379
17,13,5805
16,13,6426
15,13,6405
14,13,6250
13,13,6770
12,13,6781
11,13,6159
10,13,5664
9,13,5538
8,13,6336
7,13,6731
6,13,6123
5,13,5810
4,13,6507
3,13,5930
2,13,7076
1,13,8187
0,13,5539
22,12,8596
21,12,7695
20,12,7457
19,12,6751
18,12,6491
17,12,5594
16,12,6646
15,12,6592
14,12,6318
13,12,6844
12,12,6846
11,12,6050
10,12,5503
9,12,5641
8,12,6562
7,12,6624
6,12,6273
5,12,6109
4,12,6649
3,12,6067
2,12,7101
1,12,8178
0,12,5877
22,11,8656
21,11,7398
20,11,7593
19,11,6845
18,11,6560
17,11,5757
16,11,6768
15,11,6439
14,11,6621
13,11,6791
12,11,7001
11,11,6026
10,11,5737
9,11,5772
8,11,6512
7,11,6702
6,11,6609
5,11,6469
4,11,6830
3,11,6008
2,11,7355
1,11,8326
0,11,5811
22,10,8601
21,10,7442
20,10,7513
19,10,7026
18,10,6389
17,10,5794
16,10,6567
15,10,6357
14,10,6669
13,10,7111
12,10,7086
11,10,6096
10,10,5777
9,10,5784
8,10,6706
7,10,6710
6,10,6818
5,10,6614
4,10,6947
3,10,6170
2,10,7408
1,10,8181
0,10,6181
22,9,8455
21,9,7300
20,9,7405
19,9,7132
18,9,6375
17,9,5894
16,9,6531
15,9,6575
14,9,6987
13,9,7202
12,9,7059
11,9,6291
10,9,5977
9,9,6136
8,9,6710
7,9,6975
6,9,6916
5,9,6641
4,9,7030
3,9,6410
2,9,7486
1,9,7826
0,9,6382
22,8,8609
21,8,7308
20,8,7481
19,8,7167
18,8,6306
17,8,5951
16,8,6735
15,8,6566
14,8,7182
13,8,7135
12,8,7133
11,8,6437
10,8,5825
9,8,6202
8,8,7030
7,8,6921
6,8,6925
5,8,6885
4,8,7129
3,8,6375
2,8,7557
1,8,7834
0,8,6500
22,7,8163
21,7,7279
20,7,7610
19,7,7680
18,7,6290
17,7,6157
16,7,6788
15,7,7035
14,7,7322
13,7,7395
12,7,7095
11,7,6756
10,7,6187
9,7,6424
8,7,7142
7,7,7442
6,7,7107
5,7,6824
4,7,7078
3,7,6129
2,7,7195
1,7,7653
0,7,6746
22,6,8054
21,6,7780
20,6,7406
19,6,7836
18,6,6675
17,6,6271
16,6,6897
15,6,7196
14,6,7364
13,6,7531
12,6,7168
11,6,6941
10,6,6175
9,6,6514
8,6,7425
7,6,7675
6,6,7241
5,6,6998
4,6,7268
3,6,5993
2,6,7484
1,6,7750
0,6,6665
22,5,8301
21,5,7924
20,5,7116
19,5,7519
18,5,6882
17,5,5813
16,5,6808
15,5,7299
14,5,7144
13,5,7643
12,5,7394
11,5,6797
10,5,6242
9,5,6513
8,5,6685
7,5,7553
6,5,7175
5,5,6729
4,5,7002
3,5,5618
2,5,7621
1,5,7939
0,5,6835
22,4,8397
21,4,7944
20,4,7440
19,4,7925
18,4,6755
17,4,6006
16,4,6792
15,4,7852
14,4,7300
13,4,7685
12,4,7418
11,4,6793
10,4,6512
9,4,6994
8,4,6718
7,4,7919
6,4,6766
5,4,6438
4,4,6945
3,4,5624
2,4,7307
1,4,7785
0,4,7072
22,3,8046
21,3,8440
20,3,7637
19,3,7948
18,3,6762
17,3,5945
16,3,6739
15,3,7886
14,3,7231
13,3,7698
12,3,7639
11,3,7108
10,3,6839
9,3,7194
8,3,6605
7,3,7989
6,3,6703
5,3,5918
4,3,6998
3,3,5687
2,3,7738
1,3,7783
0,3,7136
22,2,7420
21,2,8240
20,2,7353
19,2,7791
18,2,7041
17,2,6053
16,2,6277
15,2,7449
14,2,7370
13,2,7753
12,2,7724
11,2,7333
10,2,6612
9,2,7097
8,2,6261
7,2,7664
6,2,7041
5,2,5910
4,2,6889
3,2,5059
2,2,6955
1,2,7765
0,2,7575
22,1,6690
21,1,8163
20,1,7440
19,1,7626
18,1,7210
17,1,6250
16,1,5891
15,1,7496
14,1,7241
13,1,8020
12,1,7688
11,1,7620
10,1,6511
9,1,6666
8,1,6349
7,1,7494
6,1,6820
5,1,5631
4,1,6562
3,1,4651
2,1,6670
1,1,7809
0,1,7848
22,0,6418
21,0,8149
20,0,7173
19,0,7807
18,0,6933
17,0,6005
16,0,5902
15,0,7353
14,0,7552
13,0,8044
12,0,7883
11,0,7676
10,0,6636
9,0,6974
8,0,6485
7,0,7956
6,0,6443
5,0,6138
4,0,6703
3,0,5291
2,0,7190
1,0,8691
0,0,8031
