FOV_row,FOV_col,count
23,23,13041
22,23,9318
21,23,10219
20,23,8815
19,23,7864
18,23,8007
17,23,7868
16,23,7718
15,23,8082
14,23,8137
13,23,8317
12,23,7398
11,23,8503
10,23,8782
9,23,8572
8,23,8531
7,23,8008
6,23,8509
5,23,8191
4,23,8138
3,23,8014
2,23,9229
1,23,9457
0,23,7429
23,22,13185
22,22,9487
21,22,10298
20,22,9004
19,22,7919
18,22,8010
17,22,8100
16,22,7829
15,22,8263
14,22,8497
13,22,8506
12,22,7347
11,22,7526
10,22,8189
9,22,8167
8,22,7829
7,22,7964
6,22,8742
5,22,8361
4,22,8564
3,22,8413
2,22,9442
1,22,9422
0,22,7344
23,21,13451
22,21,9675
21,21,10371
20,21,9183
19,21,8013
18,21,8394
17,21,8643
16,21,8269
15,21,8422
14,21,8684
13,21,8288
12,21,7622
11,21,7202
10,21,7530
9,21,7117
8,21,7710
7,21,8191
6,21,8748
5,21,8250
4,21,8548
3,21,8362
2,21,9620
1,21,8366
0,21,7252
23,20,13591
22,20,9717
21,20,9668
20,20,8430
19,20,8384
18,20,8435
17,20,8966
16,20,8754
15,20,9339
14,20,8743
13,20,8985
12,20,8385
11,20,8347
10,20,7721
9,20,7875
8,20,8588
7,20,8395
6,20,9058
5,20,8417
4,20,8552
3,20,8885
2,20,9599
1,20,8470
0,20,7042
23,19,13252
22,19,9330
21,19,9928
20,19,8419
19,19,8736
18,19,8475
17,19,8887
16,19,8580
15,19,9100
14,19,9029
13,19,9359
12,19,9021
11,19,8399
10,19,8328
9,19,8355
8,19,9061
7,19,8733
6,19,9199
5,19,9076
4,19,9166
3,19,9326
2,19,9966
1,19,7703
0,19,6827
23,18,13414
22,18,9527
21,18,9942
20,18,8464
19,18,8771
18,18,9058
17,18,8877
16,18,9440
15,18,9295
14,18,9019
13,18,9773
12,18,8623
11,18,8608
10,18,8556
9,18,8807
8,18,9258
7,18,8772
6,18,9433
5,18,8552
4,18,9210
3,18,9072
2,18,9702
1,18,7596
0,18,6785
23,17,13130
22,17,9383
21,17,10219
20,17,9001
19,17,8864
18,17,9178
17,17,9012
16,17,9716
15,17,9690
14,17,9695
13,17,9686
12,17,9020
11,17,8805
10,17,8830
9,17,8955
8,17,9105
7,17,9301
6,17,9703
5,17,8729
4,17,9747
3,17,8774
2,17,9530
1,17,7545
0,17,6947
23,16,13309
22,16,9174
21,16,9853
20,16,9306
19,16,9163
18,16,9447
17,16,9543
16,16,9172
15,16,9582
14,16,9890
13,16,9979
12,16,8613
11,16,8480
10,16,8504
9,16,8773
8,16,8914
7,16,9191
6,16,9882
5,16,8302
4,16,9385
3,16,8941
2,16,9632
1,16,7197
0,16,6831
23,15,13252
22,15,8990
21,15,9663
20,15,9509
19,15,7803
18,15,9307
17,15,9102
16,15,9757
15,15,9636
14,15,9444
13,15,9817
12,15,8914
11,15,8904
10,15,8774
9,15,8830
8,15,9026
7,15,9388
6,15,9434
5,15,8532
4,15,9361
3,15,9078
2,15,9316
1,15,6901
0,15,6905
23,14,9558
22,14,8669
21,14,9327
20,14,8867
19,14,9363
18,14,9145
17,14,9178
16,14,9649
15,14,9884
14,14,9885
13,14,9881
12,14,8823
11,14,9032
10,14,8922
9,14,9547
8,14,8678
7,14,9763
6,14,9600
5,14,8641
4,14,9725
3,14,8573
2,14,9161
1,14,6963
0,14,6642
23,13,12923
22,13,8205
21,13,8832
20,13,8521
19,13,9209
18,13,9178
17,13,9391
16,13,8934
15,13,9319
14,13,9805
13,13,9563
12,13,9058
11,13,9095
10,13,8881
9,13,9558
8,13,8628
7,13,9601
6,13,9646
5,13,8734
4,13,9711
3,13,8238
2,13,8746
1,13,6569
0,13,6777
23,12,12925
22,12,8014
21,12,8496
20,12,8083
19,12,8961
18,12,9446
17,12,9702
16,12,9065
15,12,9208
14,12,9571
13,12,9527
12,12,9268
11,12,8917
10,12,8809
9,12,9243
8,12,8677
7,12,9315
6,12,9778
5,12,8518
4,12,9625
3,12,8248
2,12,8558
1,12,6598
0,12,6537
23,11,12927
22,11,7769
21,11,8293
20,11,7678
19,11,8637
18,11,8367
17,11,8907
16,11,9198
15,11,9365
14,11,9544
13,11,9169
12,11,9008
11,11,9066
10,11,8959
9,11,9432
8,11,8061
7,11,9330
6,11,9403
5,11,8529
4,11,9710
3,11,7885
2,11,8347
1,11,6857
0,11,6572
23,10,13332
22,10,7820
21,10,7798
20,10,7570
19,10,8126
18,10,8552
17,10,8971
16,10,8618
15,10,8964
14,10,9578
13,10,9340
12,10,8869
11,10,9030
10,10,9046
9,10,9196
8,10,7323
7,10,9328
6,10,9453
5,10,8715
4,10,9439
3,10,7547
2,10,7451
1,10,6515
0,10,6173
23,9,13245
22,9,7972
21,9,8140
20,9,7429
19,9,8080
18,9,8632
17,9,8950
16,9,8424
15,9,8672
14,9,9486
13,9,9201
12,9,8950
11,9,8903
10,9,8996
9,9,9232
8,9,7225
7,9,9711
6,9,9723
5,9,8548
4,9,9311
3,9,7242
2,9,7397
1,9,6983
0,9,6388
23,8,12440
22,8,7824
21,8,7839
20,8,7201
19,8,7364
18,8,8022
17,8,8316
16,8,8148
15,8,8253
14,8,9368
13,8,8589
12,8,9065
11,8,8711
10,8,8809
9,8,9000
8,8,6936
7,8,9641
6,8,9561
5,8,8545
4,8,8935
3,8,6923
2,8,7169
1,8,7171
0,8,6126
23,7,12463
22,7,7790
21,7,7768
20,7,7009
19,7,6868
18,7,7530
17,7,7708
16,7,7850
15,7,8114
14,7,9220
13,7,8795
12,7,9128
11,7,8071
10,7,8689
9,7,9049
8,7,7463
7,7,8950
6,7,8877
5,7,7948
4,7,8016
3,7,6339
2,7,6538
1,7,6970
0,7,6114
23,6,13087
22,6,7549
21,6,7851
20,6,6665
19,6,6790
18,6,6866
17,6,7037
16,6,7125
15,6,7776
14,6,8686
13,6,8258
12,6,8530
11,6,7865
10,6,8227
9,6,8794
8,6,7025
7,6,8817
6,6,9029
5,6,7908
4,6,7781
3,6,6388
2,6,6290
1,6,7041
0,6,5752
23,5,12897
22,5,7695
21,5,7788
20,5,6465
19,5,6539
18,5,6250
17,5,6466
16,5,6342
15,5,7281
14,5,8325
13,5,7829
12,5,7914
11,5,7933
10,5,8250
9,5,8992
8,5,6670
7,5,8534
6,5,8450
5,5,7929
4,5,7263
3,5,6271
2,5,6255
1,5,7138
0,5,5284
23,4,13016
22,4,7481
21,4,7978
20,4,6772
19,4,6591
18,4,6015
17,4,6118
16,4,6384
15,4,7132
14,4,8264
13,4,7583
12,4,7313
11,4,7666
10,4,8141
9,4,8712
8,4,6676
7,4,8443
6,4,8056
5,4,7600
4,4,6721
3,4,6124
2,4,6586
1,4,7081
0,4,4959
23,3,13086
22,3,7447
21,3,7690
20,3,6652
19,3,6622
18,3,6113
17,3,6084
16,3,6152
15,3,6949
14,3,7879
13,3,7168
12,3,7347
11,3,7613
10,3,7879
9,3,8807
8,3,7168
7,3,8225
6,3,7629
5,3,7160
4,3,6906
3,3,6180
2,3,7088
1,3,7759
0,3,4925
23,2,13003
22,2,7015
21,2,7766
20,2,6411
19,2,6330
18,2,6095
17,2,6069
16,2,5990
15,2,6605
14,2,7503
13,2,7027
12,2,6786
11,2,7518
10,2,8014
9,2,8344
8,2,6780
7,2,7945
6,2,7366
5,2,6335
4,2,6839
3,2,6073
2,2,6872
1,2,7817
0,2,4352
23,1,13472
22,1,7315
21,1,8085
20,1,6824
19,1,6490
18,1,6530
17,1,6119
16,1,5968
15,1,6804
14,1,7683
13,1,7063
12,1,6995
11,1,7830
10,1,7810
9,1,8504
8,1,6910
7,1,8331
6,1,7387
5,1,6286
4,1,6962
3,1,6506
2,1,7436
1,1,8117
0,1,3641
23,0,13527
22,0,6543
21,0,8059
20,0,6703
19,0,6366
18,0,6268
17,0,6160
16,0,5915
15,0,6706
14,0,7625
13,0,6863
12,0,6808
11,0,7506
10,0,7672
9,0,8484
8,0,6943
7,0,7979
6,0,7191
5,0,6264
4,0,7251
3,0,6582
2,0,7701
1,0,7746
0,0,4041
