FOV_row,FOV_col,count
23,23,14451
22,23,13609
21,23,12462
20,23,11752
19,23,11983
18,23,12071
17,23,12237
16,23,12238
15,23,12447
14,23,12036
13,23,12125
12,23,11562
11,23,11141
10,23,10645
9,23,11205
8,23,12095
7,23,12819
6,23,12580
5,23,13055
4,23,13045
3,23,13198
2,23,13785
1,23,14245
0,23,11742
23,22,14358
22,22,13652
21,22,12564
20,22,11826
19,22,12004
18,22,11966
17,22,12364
16,22,12290
15,22,12556
14,22,12005
13,22,11968
12,22,11724
11,22,11007
10,22,10666
9,22,11161
8,22,11967
7,22,12636
6,22,12715
5,22,12952
4,22,12958
3,22,13196
2,22,13703
1,22,14169
0,22,11450
23,21,14446
22,21,13670
21,21,12472
20,21,11862
19,21,12102
18,21,12118
17,21,12587
16,21,12277
15,21,12601
14,21,12052
13,21,12313
12,21,11812
11,21,11254
10,21,10923
9,21,11065
8,21,11942
7,21,12897
6,21,12530
5,21,13079
4,21,12818
3,21,13117
2,21,13523
1,21,14126
0,21,11716
23,20,14307
22,20,13569
21,20,12199
20,20,11797
19,20,12089
18,20,12161
17,20,12674
16,20,12366
15,20,12560
14,20,12237
13,20,12224
12,20,11846
11,20,11425
10,20,11139
9,20,11249
8,20,11808
7,20,12772
6,20,12744
5,20,12969
4,20,12874
3,20,13015
2,20,13557
1,20,13964
0,20,10566
23,19,14137
22,19,13599
21,19,12627
20,19,12192
19,19,12311
18,19,12392
17,19,12688
16,19,12270
15,19,12770
14,19,12378
13,19,12186
12,19,11830
11,19,11601
10,19,11372
9,19,11267
8,19,11959
7,19,12868
6,19,12887
5,19,13054
4,19,12822
3,19,13120
2,19,13572
1,19,13847
0,19,11620
23,18,13922
22,18,13671
21,18,12438
20,18,11946
19,18,12188
18,18,12211
17,18,12518
16,18,12036
15,18,12758
14,18,12191
13,18,12137
12,18,11764
11,18,11630
10,18,11318
9,18,11313
8,18,11714
7,18,12557
6,18,12971
5,18,13128
4,18,12862
3,18,13107
2,18,13675
1,18,13947
0,18,13045
23,17,13783
22,17,13349
21,17,12421
20,17,11803
19,17,11982
18,17,12129
17,17,12359
16,17,12086
15,17,12730
14,17,11874
13,17,12047
12,17,11653
11,17,11567
10,17,11433
9,17,11117
8,17,11300
7,17,12394
6,17,12906
5,17,12976
4,17,12603
3,17,13021
2,17,13447
1,17,13647
0,17,13036
23,16,13851
22,16,13339
21,16,12429
20,16,11832
19,16,12000
18,16,12046
17,16,12223
16,16,11955
15,16,12745
14,16,11705
13,16,12070
12,16,11551
11,16,11471
10,16,11382
9,16,11205
8,16,11270
7,16,12079
6,16,12837
5,16,12698
4,16,12671
3,16,13068
2,16,13354
1,16,13612
0,16,13152
23,15,13547
22,15,13105
21,15,12415
20,15,11906
19,15,12036
18,15,11902
17,15,12151
16,15,12004
15,15,12788
14,15,11722
13,15,12080
12,15,11583
11,15,11564
10,15,11278
9,15,11131
8,15,11235
7,15,12028
6,15,13055
5,15,13010
4,15,12800
3,15,13052
2,15,13449
1,15,13903
0,15,13499
23,14,13596
22,14,13211
21,14,12573
20,14,12012
19,14,11839
18,14,11871
17,14,12282
16,14,12014
15,14,12847
14,14,11447
13,14,11752
12,14,11431
11,14,11413
10,14,11449
9,14,11170
8,14,11078
7,14,11979
6,14,12861
5,14,12820
4,14,12773
3,14,13101
2,14,13553
1,14,14362
0,14,13495
23,13,13713
22,13,13043
21,13,12709
20,13,12078
19,13,12023
18,13,12121
17,13,12344
16,13,12136
15,13,12878
14,13,11471
13,13,11861
12,13,11570
11,13,11525
10,13,11474
9,13,11237
8,13,10893
7,13,12020
6,13,12730
5,13,12943
4,13,12826
3,13,13023
2,13,13246
1,13,14278
0,13,13524
23,12,13533
22,12,13197
21,12,12887
20,12,11973
19,12,12030
18,12,11857
17,12,12233
16,12,11937
15,12,12695
14,12,11243
13,12,11793
12,12,11593
11,12,11588
10,12,11477
9,12,11383
8,12,11081
7,12,12019
6,12,12536
5,12,13087
4,12,12850
3,12,13102
2,12,13351
1,12,14237
0,12,13286
23,11,13368
22,11,13004
21,11,12703
20,11,12156
19,11,11876
18,11,11782
17,11,11825
16,11,11681
15,11,12520
14,11,11401
13,11,11585
12,11,11396
11,11,11366
10,11,11433
9,11,11225
8,11,11016
7,11,11882
6,11,12429
5,11,12823
4,11,12584
3,11,13041
2,11,13428
1,11,14123
0,11,13150
23,10,13075
22,10,12781
21,10,12772
20,10,11925
19,10,11985
18,10,11772
17,10,11674
16,10,11708
15,10,12551
14,10,11117
13,10,11573
12,10,11250
11,10,11333
10,10,11427
9,10,11103
8,10,11066
7,10,11779
6,10,12385
5,10,12611
4,10,12674
3,10,12904
2,10,13314
1,10,14163
0,10,13120
23,9,12983
22,9,12661
21,9,12819
20,9,11806
19,9,11915
18,9,11710
17,9,11688
16,9,11908
15,9,12419
14,9,11185
13,9,11742
12,9,11100
11,9,11351
10,9,11457
9,9,11202
8,9,11064
7,9,11697
6,9,12432
5,9,12584
4,9,12602
3,9,12856
2,9,13577
1,9,14112
0,9,13140
23,8,12731
22,8,12378
21,8,12700
20,8,12069
19,8,11695
18,8,11759
17,8,11404
16,8,11554
15,8,12236
14,8,11114
13,8,11447
12,8,10949
11,8,11173
10,8,11151
9,8,11062
8,8,11118
7,8,11592
6,8,12140
5,8,12427
4,8,12384
3,8,12876
2,8,13514
1,8,13899
0,8,12635
23,7,12692
22,7,12398
21,7,12524
20,7,12449
19,7,11558
18,7,11896
17,7,11466
16,7,11692
15,7,12165
14,7,11018
13,7,11414
12,7,10938
11,7,11189
10,7,11195
9,7,11163
8,7,11195
7,7,11659
6,7,12372
5,7,12513
4,7,12475
3,7,12712
2,7,13355
1,7,14172
0,7,12643
23,6,12566
22,6,12378
21,6,12583
20,6,12515
19,6,11820
18,6,11846
17,6,11284
16,6,11841
15,6,12150
14,6,10890
13,6,11478
12,6,10783
11,6,11247
10,6,11274
9,6,11141
8,6,11255
7,6,11706
6,6,12152
5,6,12382
4,6,12264
3,6,12613
2,6,13414
1,6,14038
0,6,12850
23,5,12594
22,5,12378
21,5,12417
20,5,12353
19,5,11105
18,5,11677
17,5,10797
16,5,11575
15,5,11980
14,5,10855
13,5,11336
12,5,10872
11,5,11129
10,5,11213
9,5,11072
8,5,11217
7,5,11639
6,5,12059
5,5,12212
4,5,12461
3,5,12715
2,5,13178
1,5,13759
0,5,12492
23,4,12578
22,4,12371
21,4,12106
20,4,12301
19,4,11138
18,4,12014
17,4,10708
16,4,11714
15,4,11848
14,4,11011
13,4,11424
12,4,10804
11,4,11100
10,4,11204
9,4,11171
8,4,11246
7,4,11633
6,4,12004
5,4,12407
4,4,12529
3,4,12736
2,4,13138
1,4,13668
0,4,12842
23,3,12759
22,3,12350
21,3,12394
20,3,12341
19,3,11471
18,3,12058
17,3,10693
16,3,11685
15,3,11950
14,3,11136
13,3,11378
12,3,10818
11,3,11176
10,3,11191
9,3,11345
8,3,11260
7,3,11570
6,3,12039
5,3,12391
4,3,12459
3,3,12811
2,3,13403
1,3,14017
0,3,13022
23,2,12531
22,2,12249
21,2,12122
20,2,12336
19,2,11722
18,2,12365
17,2,10685
16,2,11763
15,2,11701
14,2,11107
13,2,11461
12,2,11070
11,2,11323
10,2,11356
9,2,11428
8,2,11306
7,2,11713
6,2,12284
5,2,12490
4,2,12504
3,2,12585
2,2,13378
1,2,14303
0,2,13071
23,1,12707
22,1,12278
21,1,12250
20,1,12235
19,1,11857
18,1,12254
17,1,10654
16,1,11803
15,1,11789
14,1,11192
13,1,11623
12,1,10914
11,1,11281
10,1,11408
9,1,11501
8,1,11443
7,1,11772
6,1,12173
5,1,12398
4,1,12427
3,1,12627
2,1,13384
1,1,14059
0,1,13179
23,0,12472
22,0,12297
21,0,12314
20,0,12143
19,0,11963
18,0,12218
17,0,10850
16,0,12021
15,0,11606
14,0,11183
13,0,11548
12,0,11070
11,0,11239
10,0,11392
9,0,11457
8,0,11414
7,0,11878
6,0,12167
5,0,12395
4,0,12301
3,0,12732
2,0,13379
1,0,14117
0,0,13079
