FOV_row,FOV_col,count
23,23,7457
22,23,6883
21,23,6211
20,23,5538
19,23,5532
18,23,4552
17,23,4483
16,23,4265
15,23,3673
14,23,2984
13,23,2962
12,23,3650
11,23,3480
10,23,4548
9,23,5010
8,23,5829
7,23,5953
6,23,6627
5,23,7059
4,23,7676
3,23,8259
2,23,8292
1,23,8463
0,23,8323
23,22,7380
22,22,7078
21,22,6466
20,22,5708
19,22,5580
18,22,4789
17,22,4652
16,22,4556
15,22,3518
14,22,3268
13,22,3350
12,22,3742
11,22,3642
10,22,4654
9,22,5143
8,22,5885
7,22,5967
6,22,6653
5,22,7346
4,22,7849
3,22,8377
2,22,8387
1,22,8552
0,22,8554
23,21,7599
22,21,7421
21,21,6562
20,21,5938
19,21,6171
18,21,5075
17,21,5011
16,21,4998
15,21,4057
14,21,3800
13,21,3854
12,21,4197
11,21,4202
10,21,5067
9,21,5628
8,21,6222
7,21,6161
6,21,6866
5,21,7321
4,21,8016
3,21,8574
2,21,8559
1,21,8674
0,21,8665
23,20,7514
22,20,7411
21,20,6639
20,20,5972
19,20,6016
18,20,5227
17,20,5215
16,20,5183
15,20,4352
14,20,4293
13,20,4013
12,20,4312
11,20,4364
10,20,5124
9,20,5772
8,20,6285
7,20,6384
6,20,6982
5,20,7486
4,20,8027
3,20,8734
2,20,8565
1,20,8583
0,20,8749
23,19,7521
22,19,7152
21,19,6689
20,19,6030
19,19,6020
18,19,5157
17,19,5188
16,19,5227
15,19,4375
14,19,4416
13,19,3678
12,19,4303
11,19,4221
10,19,5078
9,19,5834
8,19,6185
7,19,6340
6,19,6816
5,19,7424
4,19,7913
3,19,8584
2,19,8621
1,19,8472
0,19,8555
23,18,7613
22,18,7199
21,18,6654
20,18,6032
19,18,5948
18,18,5079
17,18,5248
16,18,5370
15,18,4558
14,18,4249
13,18,3702
12,18,4217
11,18,4313
10,18,5118
9,18,5981
8,18,6240
7,18,6353
6,18,6866
5,18,7371
4,18,7865
3,18,8560
2,18,8566
1,18,8552
0,18,8389
23,17,7585
22,17,7382
21,17,6777
20,17,6199
19,17,5873
18,17,5147
17,17,5264
16,17,5400
15,17,4135
14,17,4278
13,17,3577
12,17,4599
11,17,4296
10,17,5351
9,17,6030
8,17,6452
7,17,6480
6,17,6874
5,17,7502
4,17,7996
3,17,8630
2,17,8574
1,17,8670
0,17,8562
23,16,7762
22,16,7387
21,16,6853
20,16,6286
19,16,5913
18,16,5331
17,16,5415
16,16,5518
15,16,4361
14,16,3938
13,16,3910
12,16,4731
11,16,4291
10,16,5422
9,16,6082
8,16,6447
7,16,6519
6,16,6890
5,16,7590
4,16,8024
3,16,8507
2,16,8443
1,16,8629
0,16,8461
23,15,7632
22,15,7568
21,15,6909
20,15,6249
19,15,5992
18,15,5491
17,15,5771
16,15,5694
15,15,4730
14,15,4077
13,15,4078
12,15,4897
11,15,4676
10,15,5676
9,15,6342
8,15,6658
7,15,6771
6,15,7004
5,15,7522
4,15,7976
3,15,8532
2,15,8553
1,15,8602
0,15,8480
23,14,7826
22,14,7718
21,14,7120
20,14,6551
19,14,6350
18,14,5900
17,14,5902
16,14,5790
15,14,5255
14,14,4347
13,14,4492
12,14,5223
11,14,5112
10,14,5996
9,14,6572
8,14,6924
7,14,6893
6,14,7111
5,14,7721
4,14,8162
3,14,8631
2,14,8712
1,14,8795
0,14,8535
23,13,7798
22,13,7600
21,13,7130
20,13,6596
19,13,6368
18,13,5808
17,13,5922
16,13,5677
15,13,5312
14,13,4273
13,13,4337
12,13,5057
11,13,5033
10,13,5816
9,13,6484
8,13,6933
7,13,6934
6,13,7218
5,13,7649
4,13,8073
3,13,8683
2,13,8597
1,13,8739
0,13,8647
23,12,7753
22,12,7716
21,12,7139
20,12,6704
19,12,6488
18,12,6236
17,12,6159
16,12,5710
15,12,5210
14,12,4169
13,12,4208
12,12,5008
11,12,5152
10,12,5890
9,12,6543
8,12,6891
7,12,6925
6,12,7109
5,12,7862
4,12,8028
3,12,8619
2,12,8625
1,12,8669
0,12,8508
23,11,7930
22,11,7802
21,11,7489
20,11,6963
19,11,6712
18,11,6581
17,11,6263
16,11,5877
15,11,5350
14,11,4602
13,11,4547
12,11,5250
11,11,5426
10,11,6136
9,11,6546
8,11,7289
7,11,7249
6,11,7359
5,11,7926
4,11,8194
3,11,8841
2,11,8739
1,11,8808
0,11,8600
23,10,8054
22,10,7762
21,10,7644
20,10,7319
19,10,6805
18,10,6683
17,10,6685
16,10,5962
15,10,5460
14,10,4868
13,10,4759
12,10,5242
11,10,5664
10,10,6253
9,10,6628
8,10,7272
7,10,7388
6,10,7397
5,10,7910
4,10,8116
3,10,8738
2,10,8736
1,10,8802
0,10,8587
23,9,8155
22,9,8083
21,9,7594
20,9,7288
19,9,6775
18,9,6821
17,9,6758
16,9,6160
15,9,5631
14,9,4785
13,9,4950
12,9,5326
11,9,5939
10,9,6288
9,9,6661
8,9,7395
7,9,7305
6,9,7256
5,9,8047
4,9,8043
3,9,8755
2,9,8713
1,9,8789
0,9,8522
23,8,8074
22,8,7734
21,8,7584
20,8,7431
19,8,7075
18,8,6986
17,8,6705
16,8,6210
15,8,5726
14,8,4820
13,8,5200
12,8,5521
11,8,6108
10,8,6521
9,8,6820
8,8,7459
7,8,7410
6,8,7372
5,8,7909
4,8,8132
3,8,8706
2,8,8821
1,8,8849
0,8,8301
23,7,8131
22,7,7765
21,7,7517
20,7,7275
19,7,7060
18,7,7216
17,7,6881
16,7,6492
15,7,5815
14,7,5185
13,7,5417
12,7,5786
11,7,6288
10,7,6602
9,7,6978
8,7,7592
7,7,7506
6,7,7484
5,7,8028
4,7,8135
3,7,8785
2,7,8847
1,7,8802
0,7,8511
23,6,8193
22,6,7874
21,6,7548
20,6,7324
19,6,7014
18,6,7356
17,6,6973
16,6,6567
15,6,6032
14,6,5727
13,6,5652
12,6,6007
11,6,6463
10,6,6862
9,6,7095
8,6,7701
7,6,7759
6,6,7560
5,6,8117
4,6,8192
3,6,8750
2,6,8789
1,6,8873
0,6,8540
23,5,8179
22,5,7967
21,5,7660
20,5,7488
19,5,7054
18,5,7299
17,5,7095
16,5,6784
15,5,6092
14,5,5886
13,5,5674
12,5,6212
11,5,6647
10,5,7027
9,5,7235
8,5,7867
7,5,7767
6,5,7695
5,5,8170
4,5,8371
3,5,8947
2,5,9132
1,5,9056
0,5,8544
23,4,8839
22,4,8167
21,4,7996
20,4,7876
19,4,7506
18,4,7672
17,4,7508
16,4,7084
15,4,6519
14,4,6470
13,4,6156
12,4,6731
11,4,7045
10,4,7358
9,4,7532
8,4,8077
7,4,8103
6,4,8044
5,4,8296
4,4,8639
3,4,9136
2,4,9130
1,4,9253
0,4,8632
23,3,8702
22,3,8565
21,3,8323
20,3,8101
19,3,7824
18,3,8012
17,3,7514
16,3,7266
15,3,6886
14,3,6831
13,3,6455
12,3,7087
11,3,7252
10,3,7587
9,3,7699
8,3,8223
7,3,8268
6,3,8122
5,3,8545
4,3,8753
3,3,9127
2,3,9245
1,3,9324
0,3,8919
23,2,8698
22,2,8522
21,2,8581
20,2,8288
19,2,7986
18,2,7995
17,2,7467
16,2,7437
15,2,7154
14,2,6947
13,2,6628
12,2,7344
11,2,7412
10,2,7659
9,2,7809
8,2,8380
7,2,8535
6,2,8236
5,2,8560
4,2,8739
3,2,9160
2,2,9254
1,2,9295
0,2,9113
23,1,8951
22,1,8630
21,1,8797
20,1,8620
19,1,8342
18,1,8144
17,1,7765
16,1,7596
15,1,7429
14,1,7293
13,1,6793
12,1,7460
11,1,7592
10,1,7827
9,1,7922
8,1,8525
7,1,8765
6,1,8353
5,1,8550
4,1,8792
3,1,9147
2,1,9199
1,1,9227
0,1,8920
23,0,9281
22,0,9175
21,0,9266
20,0,9285
19,0,8920
18,0,8615
17,0,8182
16,0,8131
15,0,7914
14,0,7700
13,0,7315
12,0,7894
11,0,7986
10,0,8122
9,0,8257
8,0,8902
7,0,9240
6,0,8797
5,0,8794
4,0,9015
3,0,9312
2,0,9294
1,0,9425
0,0,8904
