FOV_row,FOV_col,count
23,23,11116
22,23,10769
21,23,11056
20,23,11461
19,23,11773
18,23,12603
17,23,12759
16,23,12944
15,23,12701
14,23,11069
13,23,9851
12,23,9067
11,23,8897
10,23,9843
9,23,11857
8,23,11463
7,23,11200
6,23,11624
5,23,11828
4,23,11267
3,23,12134
2,23,12743
1,23,12131
0,23,11629
23,22,11091
22,22,10899
21,22,11109
20,22,11730
19,22,11682
18,22,12600
17,22,12894
16,22,13250
15,22,13119
14,22,10741
13,22,10181
12,22,9421
11,22,9750
10,22,10233
9,22,11988
8,22,11372
7,22,11222
6,22,11519
5,22,12013
4,22,11305
3,22,12087
2,22,12645
1,22,12205
0,22,11243
23,21,11264
22,21,11006
21,21,11211
20,21,11792
19,21,11803
18,21,12482
17,21,12963
16,21,13408
15,21,13108
14,21,10776
13,21,10902
12,21,9666
11,21,10180
10,21,10560
9,21,11926
8,21,11532
7,21,11304
6,21,11817
5,21,12165
4,21,11564
3,21,12171
2,21,12623
1,21,12284
0,21,11097
23,20,11405
22,20,11211
21,20,11518
20,20,11929
19,20,12092
18,20,13163
17,20,13113
16,20,13441
15,20,13323
14,20,11111
13,20,11111
12,20,9986
11,20,10561
10,20,11030
9,20,12281
8,20,12019
7,20,11717
6,20,12243
5,20,12533
4,20,11845
3,20,12688
2,20,13153
1,20,12505
0,20,12491
23,19,11424
22,19,11155
21,19,11502
20,19,11696
19,19,12010
18,19,12846
17,19,13070
16,19,13360
15,19,13304
14,19,11462
13,19,10923
12,19,10210
11,19,10641
10,19,11239
9,19,12406
8,19,11937
7,19,11650
6,19,12169
5,19,12482
4,19,11899
3,19,12533
2,19,12953
1,19,12318
0,19,12721
23,18,11458
22,18,11219
21,18,11572
20,18,11854
19,18,12243
18,18,12713
17,18,13059
16,18,13345
15,18,13175
14,18,11818
13,18,11394
12,18,10436
11,18,10815
10,18,11529
9,18,12316
8,18,12041
7,18,11658
6,18,12303
5,18,12666
4,18,11958
3,18,12417
2,18,12923
1,18,12428
0,18,12442
23,17,11569
22,17,11416
21,17,11643
20,17,11957
19,17,12269
18,17,12877
17,17,13148
16,17,13481
15,17,12990
14,17,11912
13,17,11538
12,17,10573
11,17,10836
10,17,11486
9,17,12247
8,17,12236
7,17,11885
6,17,12414
5,17,12735
4,17,12064
3,17,12029
2,17,13023
1,17,12476
0,17,12525
23,16,11570
22,16,11434
21,16,11745
20,16,12248
19,16,12383
18,16,13107
17,16,13279
16,16,13419
15,16,12696
14,16,11428
13,16,11884
12,16,10684
11,16,11053
10,16,11691
9,16,12602
8,16,12160
7,16,11971
6,16,12624
5,16,12679
4,16,12166
3,16,12276
2,16,13041
1,16,12594
0,16,12646
23,15,11619
22,15,11627
21,15,11917
20,15,12331
19,15,12548
18,15,13188
17,15,13381
16,15,13635
15,15,13087
14,15,12065
13,15,11982
12,15,10911
11,15,11465
10,15,11898
9,15,12693
8,15,12342
7,15,12182
6,15,12737
5,15,12863
4,15,12396
3,15,12639
2,15,13159
1,15,12730
0,15,12664
23,14,11661
22,14,11528
21,14,11746
20,14,12372
19,14,12272
18,14,13080
17,14,13166
16,14,13359
15,14,12955
14,14,12077
13,14,11970
12,14,10875
11,14,11678
10,14,11736
9,14,12723
8,14,12150
7,14,12177
6,14,12554
5,14,12805
4,14,12311
3,14,12370
2,14,12884
1,14,12558
0,14,12611
23,13,11595
22,13,11480
21,13,11779
20,13,12454
19,13,12269
18,13,12828
17,13,12709
16,13,13135
15,13,12570
14,13,11823
13,13,11771
12,13,10588
11,13,11238
10,13,11462
9,13,12607
8,13,12001
7,13,12002
6,13,12423
5,13,12550
4,13,12245
3,13,12301
2,13,12783
1,13,12459
0,13,12617
23,12,11722
22,12,11629
21,12,11805
20,12,12222
19,12,12229
18,12,12747
17,12,12797
16,12,13387
15,12,13079
14,12,11884
13,12,11794
12,12,10665
11,12,11282
10,12,11478
9,12,12620
8,12,11919
7,12,11930
6,12,12340
5,12,12685
4,12,12308
3,12,12291
2,12,12758
1,12,12445
0,12,12573
23,11,11720
22,11,11670
21,11,11864
20,11,12319
19,11,12238
18,11,12721
17,11,12838
16,11,13114
15,11,13162
14,11,11858
13,11,11799
12,11,10790
11,11,11358
10,11,11629
9,11,12511
8,11,11919
7,11,11961
6,11,12304
5,11,12555
4,11,12425
3,11,12421
2,11,12667
1,11,12388
0,11,12489
23,10,11833
22,10,11752
21,10,11859
20,10,12322
19,10,12276
18,10,12636
17,10,12774
16,10,13024
15,10,13286
14,10,11507
13,10,11724
12,10,10442
11,10,11285
10,10,11561
9,10,12473
8,10,11900
7,10,11932
6,10,12220
5,10,12877
4,10,12490
3,10,12265
2,10,12681
1,10,12382
0,10,12437
23,9,11957
22,9,11752
21,9,11897
20,9,12365
19,9,12397
18,9,12756
17,9,12865
16,9,12987
15,9,13322
14,9,11486
13,9,11758
12,9,10786
11,9,11502
10,9,11776
9,9,12534
8,9,12004
7,9,12019
6,9,12629
5,9,12746
4,9,12596
3,9,12425
2,9,12698
1,9,12571
0,9,12462
23,8,11872
22,8,11760
21,8,11857
20,8,12281
19,8,12427
18,8,12502
17,8,12663
16,8,12767
15,8,13006
14,8,11231
13,8,11725
12,8,10838
11,8,11371
10,8,11666
9,8,12437
8,8,11812
7,8,11901
6,8,12745
5,8,12842
4,8,12666
3,8,12457
2,8,12712
1,8,12377
0,8,12442
23,7,11810
22,7,11807
21,7,11831
20,7,12248
19,7,12296
18,7,12515
17,7,12541
16,7,12872
15,7,12907
14,7,11245
13,7,11651
12,7,10856
11,7,11322
10,7,11765
9,7,12263
8,7,11817
7,7,11831
6,7,12724
5,7,12624
4,7,12419
3,7,12293
2,7,12706
1,7,12289
0,7,12491
23,6,11848
22,6,11704
21,6,11848
20,6,12284
19,6,12410
18,6,12427
17,6,12554
16,6,12799
15,6,13243
14,6,11232
13,6,11712
12,6,10929
11,6,11360
10,6,11782
9,6,12409
8,6,11827
7,6,11904
6,6,12829
5,6,12652
4,6,12552
3,6,12206
2,6,12820
1,6,12240
0,6,12563
23,5,11871
22,5,11755
21,5,11880
20,5,12528
19,5,12380
18,5,12283
17,5,12526
16,5,12632
15,5,13170
14,5,11235
13,5,11984
12,5,10897
11,5,11378
10,5,11793
9,5,12292
8,5,11834
7,5,11943
6,5,12833
5,5,12638
4,5,12519
3,5,12123
2,5,12772
1,5,12254
0,5,12548
23,4,11857
22,4,11895
21,4,11899
20,4,12575
19,4,12428
18,4,12280
17,4,12584
16,4,12740
15,4,13238
14,4,11023
13,4,12050
12,4,10808
11,4,11447
10,4,11794
9,4,12194
8,4,11828
7,4,11947
6,4,12856
5,4,12572
4,4,12440
3,4,12163
2,4,12689
1,4,12205
0,4,12516
23,3,11839
22,3,11836
21,3,11864
20,3,12590
19,3,12376
18,3,12367
17,3,12593
16,3,12622
15,3,13146
14,3,10858
13,3,12092
12,3,10886
11,3,11410
10,3,11807
9,3,12251
8,3,11885
7,3,11851
6,3,12936
5,3,12489
4,3,12518
3,3,12094
2,3,12738
1,3,12413
0,3,12611
23,2,12020
22,2,11874
21,2,11792
20,2,12590
19,2,12444
18,2,12278
17,2,12546
16,2,12625
15,2,13318
14,2,10903
13,2,12188
12,2,10974
11,2,11509
10,2,11940
9,2,12197
8,2,11831
7,2,11992
6,2,12879
5,2,12504
4,2,12443
3,2,12280
2,2,12772
1,2,12525
0,2,12782
23,1,11872
22,1,11964
21,1,11962
20,1,12585
19,1,12429
18,1,12474
17,1,12549
16,1,12683
15,1,13245
14,1,11051
13,1,12262
12,1,11116
11,1,11595
10,1,11902
9,1,12263
8,1,11932
7,1,12075
6,1,12844
5,1,12467
4,1,12367
3,1,12349
2,1,12766
1,1,12761
0,1,12625
23,0,12029
22,0,11991
21,0,12050
20,0,12638
19,0,12666
18,0,11955
17,0,12630
16,0,12661
15,0,13075
14,0,11080
13,0,12162
12,0,11093
11,0,11493
10,0,11944
9,0,12185
8,0,11931
7,0,12024
6,0,12892
5,0,12332
4,0,12284
3,0,12495
2,0,12789
1,0,12717
0,0,13155
