FOV_row,FOV_col,count
23,23,7356
22,23,6476
21,23,6637
20,23,7030
19,23,6537
18,23,7004
17,23,6761
16,23,7080
15,23,4528
14,23,3264
13,23,3307
12,23,4198
11,23,5154
10,23,5119
9,23,5633
8,23,6151
7,23,6613
6,23,7021
5,23,7217
4,23,6338
3,23,6704
2,23,7652
1,23,8372
0,23,8820
23,22,7215
22,22,6655
21,22,6911
20,22,6959
19,22,6945
18,22,7164
17,22,7143
16,22,7361
15,22,4327
14,22,4117
13,22,4010
12,22,4479
11,22,5378
10,22,5274
9,22,5902
8,22,6396
7,22,7060
6,22,7144
5,22,7443
4,22,6670
3,22,6844
2,22,7406
1,22,8000
0,22,8914
23,21,7247
22,21,6769
21,21,6635
20,21,6977
19,21,7026
18,21,7218
17,21,7488
16,21,7177
15,21,4360
14,21,3818
13,21,4502
12,21,4968
11,21,6066
10,21,5592
9,21,6238
8,21,6637
7,21,7278
6,21,7399
5,21,7660
4,21,7003
3,21,6942
2,21,7644
1,21,7853
0,21,8513
23,20,7541
22,20,6959
21,20,6688
20,20,6327
19,20,6970
18,20,7442
17,20,7327
16,20,7179
15,20,4875
14,20,4449
13,20,4768
12,20,5439
11,20,6194
10,20,5842
9,20,6408
8,20,6958
7,20,7377
6,20,7605
5,20,7582
4,20,7081
3,20,7094
2,20,7674
1,20,8049
0,20,8660
23,19,7339
22,19,6986
21,19,6720
20,19,6272
19,19,6925
18,19,7148
17,19,7214
16,19,6898
15,19,5320
14,19,4497
13,19,5060
12,19,4996
11,19,6259
10,19,6040
9,19,6312
8,19,6824
7,19,7415
6,19,7439
5,19,7627
4,19,7049
3,19,7126
2,19,7761
1,19,7909
0,19,8570
23,18,7901
22,18,7555
21,18,6926
20,18,6829
19,18,6858
18,18,6921
17,18,7070
16,18,7027
15,18,5724
14,18,4867
13,18,5206
12,18,5930
11,18,6480
10,18,6218
9,18,6410
8,18,6992
7,18,7527
6,18,7590
5,18,7643
4,18,7252
3,18,7288
2,18,7849
1,18,8114
0,18,8373
23,17,8111
22,17,7503
21,17,6864
20,17,6607
19,17,6862
18,17,7161
17,17,6989
16,17,6926
15,17,5736
14,17,5033
13,17,5318
12,17,6213
11,17,6306
10,17,6292
9,17,6446
8,17,7070
7,17,7578
6,17,7710
5,17,7709
4,17,7364
3,17,7280
2,17,7842
1,17,8080
0,17,8420
23,16,8158
22,16,7434
21,16,6690
20,16,6455
19,16,6849
18,16,6974
17,16,6932
16,16,6873
15,16,5855
14,16,5345
13,16,5304
12,16,5831
11,16,6455
10,16,6285
9,16,6630
8,16,7183
7,16,7685
6,16,7896
5,16,7869
4,16,7596
3,16,7325
2,16,7885
1,16,8114
0,16,8436
23,15,7902
22,15,7383
21,15,6769
20,15,6500
19,15,6803
18,15,7245
17,15,7040
16,15,7053
15,15,6423
14,15,5867
13,15,5691
12,15,6224
11,15,6933
10,15,6447
9,15,6839
8,15,7276
7,15,7827
6,15,7990
5,15,8007
4,15,7739
3,15,7449
2,15,8149
1,15,8369
0,15,8595
23,14,8036
22,14,7321
21,14,7034
20,14,6913
19,14,6985
18,14,7291
17,14,7342
16,14,7292
15,14,6574
14,14,5742
13,14,6107
12,14,6184
11,14,7008
10,14,6525
9,14,7126
8,14,7513
7,14,7893
6,14,8246
5,14,8144
4,14,7922
3,14,7672
2,14,8168
1,14,8471
0,14,8444
23,13,7566
22,13,7273
21,13,6654
20,13,6505
19,13,6794
18,13,7224
17,13,7374
16,13,7154
15,13,6852
14,13,5987
13,13,6003
12,13,6481
11,13,6967
10,13,6784
9,13,7143
8,13,7391
7,13,7931
6,13,8282
5,13,8209
4,13,7990
3,13,7571
2,13,8255
1,13,8392
0,13,8629
23,12,7939
22,12,7314
21,12,6794
20,12,6759
19,12,6989
18,12,7369
17,12,7371
16,12,7351
15,12,6995
14,12,6407
13,12,6377
12,12,6865
11,12,7061
10,12,6859
9,12,7267
8,12,7671
7,12,7998
6,12,8277
5,12,8285
4,12,8064
3,12,7718
2,12,8288
1,12,8463
0,12,8778
23,11,8044
22,11,7432
21,11,6767
20,11,6846
19,11,7021
18,11,7683
17,11,7503
16,11,7540
15,11,7520
14,11,6796
13,11,6701
12,11,6936
11,11,7169
10,11,7085
9,11,7335
8,11,7851
7,11,8174
6,11,8375
5,11,8274
4,11,8286
3,11,7838
2,11,8452
1,11,8617
0,11,8887
23,10,7888
22,10,7592
21,10,6579
20,10,7192
19,10,7117
18,10,7812
17,10,7625
16,10,7385
15,10,7609
14,10,6996
13,10,7067
12,10,7228
11,10,7319
10,10,7081
9,10,7305
8,10,7773
7,10,8191
6,10,8461
5,10,8473
4,10,8415
3,10,7839
2,10,8351
1,10,8696
0,10,8924
23,9,7845
22,9,7410
21,9,6967
20,9,7585
19,9,7261
18,9,7788
17,9,7792
16,9,7405
15,9,7642
14,9,7024
13,9,7012
12,9,7353
11,9,7419
10,9,7024
9,9,7123
8,9,7795
7,9,8096
6,9,8462
5,9,8593
4,9,8360
3,9,7847
2,9,8405
1,9,8767
0,9,8649
23,8,7758
22,8,7169
21,8,6876
20,8,7317
19,8,7170
18,8,7676
17,8,7665
16,8,7363
15,8,7270
14,8,6944
13,8,6850
12,8,7259
11,8,7410
10,8,7139
9,8,7055
8,8,7951
7,8,7970
6,8,8345
5,8,8477
4,8,8443
3,8,8010
2,8,8384
1,8,8666
0,8,8853
23,7,7776
22,7,7132
21,7,6442
20,7,6996
19,7,7244
18,7,7606
17,7,7683
16,7,7638
15,7,7181
14,7,7456
13,7,7008
12,7,7499
11,7,7400
10,7,7386
9,7,7287
8,7,7932
7,7,8081
6,7,8474
5,7,8552
4,7,8560
3,7,8013
2,7,8168
1,7,8662
0,7,8909
23,6,8028
22,6,7102
21,6,6554
20,6,7015
19,6,7286
18,6,7878
17,6,7747
16,6,7635
15,6,7424
14,6,7665
13,6,7453
12,6,7559
11,6,7627
10,6,7401
9,6,7253
8,6,7959
7,6,8069
6,6,8463
5,6,8693
4,6,8598
3,6,8191
2,6,8446
1,6,8718
0,6,8910
23,5,7993
22,5,6996
21,5,6476
20,5,6957
19,5,7458
18,5,7795
17,5,7928
16,5,7791
15,5,7521
14,5,7553
13,5,7210
12,5,7424
11,5,7529
10,5,7560
9,5,7443
8,5,7972
7,5,8050
6,5,8421
5,5,8792
4,5,8648
3,5,8144
2,5,8464
1,5,8507
0,5,8860
23,4,8371
22,4,7216
21,4,6865
20,4,7147
19,4,7751
18,4,7989
17,4,8104
16,4,8147
15,4,7912
14,4,7742
13,4,7604
12,4,7655
11,4,7574
10,4,7774
9,4,7560
8,4,8149
7,4,8208
6,4,8566
5,4,8791
4,4,8901
3,4,8355
2,4,8853
1,4,8970
0,4,9353
23,3,8409
22,3,7075
21,3,6785
20,3,7204
19,3,7806
18,3,8167
17,3,8092
16,3,8088
15,3,8093
14,3,7847
13,3,7912
12,3,8060
11,3,7826
10,3,7723
9,3,7792
8,3,8325
7,3,8346
6,3,8823
5,3,9003
4,3,8959
3,3,8625
2,3,8714
1,3,8956
0,3,9246
23,2,7883
22,2,6826
21,2,6604
20,2,6966
19,2,7924
18,2,8023
17,2,8055
16,2,8031
15,2,7867
14,2,7829
13,2,7591
12,2,7761
11,2,7774
10,2,7701
9,2,7596
8,2,8087
7,2,8202
6,2,8629
5,2,8903
4,2,8702
3,2,8602
2,2,8683
1,2,8934
0,2,9062
23,1,7929
22,1,6924
21,1,6861
20,1,7262
19,1,7940
18,1,8090
17,1,8058
16,1,8152
15,1,8251
14,1,8345
13,1,7874
12,1,8067
11,1,8117
10,1,7744
9,1,7659
8,1,8222
7,1,8247
6,1,8788
5,1,9062
4,1,8833
3,1,8635
2,1,8649
1,1,8849
0,1,9173
23,0,8154
22,0,7342
21,0,7916
20,0,8804
19,0,8700
18,0,8638
17,0,8683
16,0,8956
15,0,8818
14,0,9252
13,0,8659
12,0,8712
11,0,9117
10,0,9042
9,0,8551
8,0,8809
7,0,8827
6,0,9144
5,0,9418
4,0,9006
3,0,8945
2,0,8740
1,0,8939
0,0,9216
