FOV_row,FOV_col,count
23,23,9649
22,23,9440
21,23,8887
20,23,8392
19,23,8307
18,23,8029
17,23,7780
16,23,7393
15,23,6967
14,23,6846
13,23,6320
12,23,6560
11,23,6603
10,23,7179
9,23,7682
8,23,8182
7,23,8675
6,23,8959
5,23,9254
4,23,9696
3,23,9679
2,23,9874
1,23,10373
0,23,8320
23,22,9489
22,22,9459
21,22,8918
20,22,8578
19,22,8337
18,22,7878
17,22,7760
16,22,7448
15,22,7149
14,22,7177
13,22,6080
12,22,6615
11,22,6887
10,22,7136
9,22,7649
8,22,8078
7,22,8497
6,22,8818
5,22,9389
4,22,9664
3,22,10050
2,22,9989
1,22,10383
0,22,8604
23,21,9621
22,21,9485
21,21,8903
20,21,8793
19,21,8229
18,21,7974
17,21,8035
16,21,7924
15,21,7700
14,21,7048
13,21,6904
12,21,6962
11,21,7066
10,21,7571
9,21,7802
8,21,8224
7,21,8799
6,21,9159
5,21,9578
4,21,9950
3,21,10087
2,21,9286
1,21,10344
0,21,9593
23,20,9931
22,20,9544
21,20,9084
20,20,8797
19,20,8533
18,20,8101
17,20,8062
16,20,8157
15,20,7681
14,20,7260
13,20,7034
12,20,7129
11,20,7417
10,20,7859
9,20,7907
8,20,8334
7,20,8894
6,20,9253
5,20,9803
4,20,9988
3,20,10349
2,20,10251
1,20,10343
0,20,10264
23,19,9783
22,19,9327
21,19,9079
20,19,8859
19,19,8409
18,19,8146
17,19,8280
16,19,8232
15,19,7658
14,19,7200
13,19,6965
12,19,7297
11,19,7459
10,19,7656
9,19,8040
8,19,8532
7,19,8920
6,19,9182
5,19,9463
4,19,9910
3,19,10218
2,19,10065
1,19,10187
0,19,9499
23,18,9496
22,18,9399
21,18,9080
20,18,8740
19,18,8360
18,18,7964
17,18,8175
16,18,8056
15,18,7719
14,18,7846
13,18,7002
12,18,7314
11,18,7550
10,18,7808
9,18,7985
8,18,8411
7,18,8964
6,18,9231
5,18,9501
4,18,9973
3,18,10049
2,18,10301
1,18,10185
0,18,9684
23,17,9572
22,17,9482
21,17,9097
20,17,8773
19,17,8349
18,17,8186
17,17,8081
16,17,7819
15,17,7799
14,17,7818
13,17,7066
12,17,7510
11,17,7587
10,17,8071
9,17,8254
8,17,8592
7,17,8999
6,17,9372
5,17,9595
4,17,9893
3,17,10093
2,17,10136
1,17,10159
0,17,10103
23,16,9572
22,16,9522
21,16,9198
20,16,8758
19,16,8355
18,16,7903
17,16,8307
16,16,7594
15,16,7758
14,16,7969
13,16,7215
12,16,7525
11,16,7700
10,16,8230
9,16,8163
8,16,8596
7,16,8926
6,16,9366
5,16,9493
4,16,10069
3,16,10221
2,16,10257
1,16,10339
0,16,9737
23,15,9709
22,15,9590
21,15,9175
20,15,8851
19,15,8379
18,15,8040
17,15,8288
16,15,7824
15,15,7785
14,15,8094
13,15,7455
12,15,7722
11,15,7965
10,15,8398
9,15,8361
8,15,8553
7,15,9082
6,15,9475
5,15,9720
4,15,10004
3,15,10175
2,15,10204
1,15,10297
0,15,9778
23,14,9898
22,14,9755
21,14,9255
20,14,8879
19,14,8379
18,14,8117
17,14,8393
16,14,7881
15,14,8142
14,14,7865
13,14,7707
12,14,7842
11,14,8345
10,14,8422
9,14,8686
8,14,8751
7,14,9296
6,14,9669
5,14,9565
4,14,10061
3,14,10329
2,14,10498
1,14,10281
0,14,9148
23,13,9871
22,13,9702
21,13,9090
20,13,8800
19,13,8455
18,13,8086
17,13,8326
16,13,7857
15,13,8029
14,13,7692
13,13,7541
12,13,7655
11,13,8296
10,13,8467
9,13,8707
8,13,8823
7,13,8885
6,13,9392
5,13,9631
4,13,10240
3,13,10377
2,13,10491
1,13,10178
0,13,9245
23,12,9655
22,12,9674
21,12,8973
20,12,8688
19,12,8285
18,12,7930
17,12,8436
16,12,7941
15,12,8081
14,12,7861
13,12,7566
12,12,7781
11,12,8432
10,12,8513
9,12,8857
8,12,8903
7,12,9140
6,12,9329
5,12,9720
4,12,9892
3,12,10307
2,12,10362
1,12,10336
0,12,9276
23,11,9870
22,11,9642
21,11,9110
20,11,8666
19,11,8340
18,11,8104
17,11,8598
16,11,8004
15,11,7977
14,11,8123
13,11,7975
12,11,8124
11,11,8642
10,11,8582
9,11,9133
8,11,8929
7,11,9003
6,11,9578
5,11,9777
4,11,9932
3,11,10235
2,11,10454
1,11,10400
0,11,8809
23,10,9943
22,10,9811
21,10,9145
20,10,8878
19,10,8306
18,10,8364
17,10,8818
16,10,8348
15,10,8350
14,10,8037
13,10,8080
12,10,8344
11,10,8779
10,10,8677
9,10,9229
8,10,9073
7,10,9152
6,10,9454
5,10,9681
4,10,10106
3,10,10395
2,10,10409
1,10,10298
0,10,8173
23,9,10036
22,9,9516
21,9,9081
20,9,8691
19,9,8434
18,9,8525
17,9,8929
16,9,8359
15,9,8474
14,9,8277
13,9,8376
12,9,8403
11,9,8876
10,9,8756
9,9,9359
8,9,9200
7,9,9217
6,9,9372
5,9,9790
4,9,10162
3,9,10219
2,9,10325
1,9,10247
0,9,8124
23,8,10028
22,8,9621
21,8,9029
20,8,8689
19,8,8510
18,8,8637
17,8,8878
16,8,8487
15,8,8506
14,8,8221
13,8,8385
12,8,8584
11,8,8923
10,8,8960
9,8,9472
8,8,9415
7,8,9433
6,8,9180
5,8,9788
4,8,10169
3,8,10173
2,8,10576
1,8,10405
0,8,8717
23,7,10374
22,7,9354
21,7,9214
20,7,8710
19,7,8639
18,7,8982
17,7,9237
16,7,8733
15,7,9009
14,7,8824
13,7,8907
12,7,8931
11,7,9040
10,7,9106
9,7,9495
8,7,9652
7,7,9557
6,7,9397
5,7,10055
4,7,9816
3,7,10577
2,7,10463
1,7,10465
0,7,8118
23,6,10427
22,6,10059
21,6,9389
20,6,8912
19,6,8832
18,6,9401
17,6,9344
16,6,9103
15,6,9135
14,6,8960
13,6,9045
12,6,9127
11,6,9287
10,6,9263
9,6,9481
8,6,9904
7,6,9756
6,6,9453
5,6,10221
4,6,9552
3,6,10291
2,6,10511
1,6,10620
0,6,8135
23,5,10258
22,5,10025
21,5,9396
20,5,8929
19,5,9266
18,5,9583
17,5,9666
16,5,9518
15,5,9166
14,5,9198
13,5,8995
12,5,9097
11,5,9282
10,5,9414
9,5,9795
8,5,10067
7,5,9717
6,5,9518
5,5,10031
4,5,10180
3,5,10496
2,5,10588
1,5,10639
0,5,8514
23,4,10330
22,4,10151
21,4,9645
20,4,9115
19,4,9599
18,4,10050
17,4,9825
16,4,9604
15,4,9455
14,4,9185
13,4,9423
12,4,9459
11,4,9444
10,4,9554
9,4,9758
8,4,10365
7,4,10058
6,4,9550
5,4,10298
4,4,9854
3,4,10673
2,4,10705
1,4,10555
0,4,9103
23,3,10539
22,3,10307
21,3,9893
20,3,9272
19,3,9928
18,3,10172
17,3,9926
16,3,9859
15,3,9723
14,3,9643
13,3,9648
12,3,9736
11,3,9511
10,3,9801
9,3,9940
8,3,10445
7,3,10234
6,3,9808
5,3,10442
4,3,10219
3,3,10196
2,3,10713
1,3,10905
0,3,9714
23,2,10521
22,2,10540
21,2,9881
20,2,9246
19,2,10398
18,2,10228
17,2,9850
16,2,9779
15,2,9888
14,2,9773
13,2,9999
12,2,10123
11,2,10178
10,2,10301
9,2,10396
8,2,10769
7,2,10676
6,2,9798
5,2,10380
4,2,10108
3,2,10807
2,2,10769
1,2,10812
0,2,10288
23,1,10604
22,1,10436
21,1,10161
20,1,9280
19,1,10383
18,1,10175
17,1,9857
16,1,9858
15,1,9986
14,1,9811
13,1,10026
12,1,9728
11,1,9816
10,1,10208
9,1,10665
8,1,10801
7,1,10756
6,1,10008
5,1,10571
4,1,10528
3,1,9791
2,1,10554
1,1,10778
0,1,10099
23,0,10875
22,0,10698
21,0,10516
20,0,10110
19,0,10354
18,0,10235
17,0,10103
16,0,10744
15,0,10623
14,0,10783
13,0,10449
12,0,5927
11,0,8485
10,0,10217
9,0,10432
8,0,10685
7,0,10756
6,0,10433
5,0,10952
4,0,11176
3,0,10946
2,0,11047
1,0,10961
0,0,10199
