FOV_row,FOV_col,count
23,23,5828
22,23,5495
21,23,4115
20,23,3321
19,23,2752
18,23,2459
17,23,2007
16,23,2012
15,23,2044
14,23,4442
13,23,5420
12,23,2067
11,23,2453
10,23,2641
9,23,3137
8,23,3277
7,23,4000
6,23,3963
5,23,4437
4,23,5301
3,23,5350
2,23,5521
1,23,5900
0,23,6721
23,22,5831
22,22,5431
21,22,4270
20,22,3211
19,22,2627
18,22,2388
17,22,2049
16,22,2036
15,22,2073
14,22,3154
13,22,4910
12,22,2199
11,22,2622
10,22,2624
9,22,3262
8,22,3558
7,22,3691
6,22,3968
5,22,4188
4,22,5131
3,22,5424
2,22,5842
1,22,5832
0,22,6606
23,21,6048
22,21,5527
21,21,4423
20,21,3514
19,21,2878
18,21,2758
17,21,2189
16,21,2240
15,21,2044
14,21,2612
13,21,4148
12,21,2347
11,21,2902
10,21,3033
9,21,3626
8,21,3904
7,21,4167
6,21,4368
5,21,4546
4,21,5361
3,21,5633
2,21,6058
1,21,5992
0,21,6554
23,20,6195
22,20,5718
21,20,4871
20,20,4053
19,20,3346
18,20,3188
17,20,2627
16,20,2551
15,20,2346
14,20,2381
13,20,4091
12,20,2882
11,20,3495
10,20,3591
9,20,3864
8,20,4332
7,20,4798
6,20,4747
5,20,4824
4,20,5627
3,20,5746
2,20,6311
1,20,6042
0,20,6854
23,19,6107
22,19,5571
21,19,4701
20,19,3998
19,19,3496
18,19,2966
17,19,2584
16,19,2483
15,19,2421
14,19,2544
13,19,3804
12,19,2517
11,19,3217
10,19,3379
9,19,3962
8,19,4258
7,19,5022
6,19,4814
5,19,4766
4,19,5337
3,19,5842
2,19,6151
1,19,6038
0,19,6745
23,18,6339
22,18,5822
21,18,5061
20,18,4233
19,18,3690
18,18,3194
17,18,2733
16,18,2752
15,18,2602
14,18,2325
13,18,4393
12,18,2874
11,18,3448
10,18,3626
9,18,3969
8,18,4498
7,18,5192
6,18,4921
5,18,4969
4,18,5605
3,18,6025
2,18,6397
1,18,6411
0,18,6897
23,17,6389
22,17,6082
21,17,5173
20,17,4577
19,17,4080
18,17,3841
17,17,3156
16,17,3172
15,17,3004
14,17,2615
13,17,4698
12,17,3216
11,17,4072
10,17,4147
9,17,4424
8,17,4952
7,17,5594
6,17,5329
5,17,5156
4,17,5905
3,17,6285
2,17,6663
1,17,6509
0,17,7009
23,16,6404
22,16,6097
21,16,5436
20,16,4804
19,16,4491
18,16,4249
17,16,3544
16,16,3404
15,16,3103
14,16,2637
13,16,4655
12,16,3529
11,16,4351
10,16,4144
9,16,4498
8,16,5004
7,16,5673
6,16,5493
5,16,5151
4,16,6156
3,16,6420
2,16,6770
1,16,6577
0,16,7107
23,15,6672
22,15,6358
21,15,5685
20,15,5203
19,15,4716
18,15,4816
17,15,3861
16,15,3660
15,15,3543
14,15,2478
13,15,4747
12,15,3640
11,15,4684
10,15,4464
9,15,4767
8,15,5236
7,15,5789
6,15,5805
5,15,5562
4,15,6298
3,15,6408
2,15,6945
1,15,6633
0,15,7148
23,14,6722
22,14,6474
21,14,5945
20,14,5396
19,14,5161
18,14,5040
17,14,4082
16,14,3982
15,14,3691
14,14,2562
13,14,4301
12,14,3829
11,14,5103
10,14,4745
9,14,5190
8,14,5389
7,14,6074
6,14,6137
5,14,5916
4,14,6556
3,14,6733
2,14,6928
1,14,6847
0,14,7220
23,13,6683
22,13,6150
21,13,5936
20,13,5616
19,13,5304
18,13,5488
17,13,4155
16,13,4009
15,13,3908
14,13,2621
13,13,3312
12,13,4008
11,13,5198
10,13,5037
9,13,5223
8,13,5506
7,13,6173
6,13,6131
5,13,5972
4,13,6473
3,13,6757
2,13,7027
1,13,6907
0,13,7413
23,12,6743
22,12,6321
21,12,6021
20,12,5831
19,12,5472
18,12,5480
17,12,4322
16,12,4234
15,12,3938
14,12,2951
13,12,4008
12,12,4013
11,12,5500
10,12,5093
9,12,5370
8,12,5704
7,12,6283
6,12,6262
5,12,6039
4,12,6592
3,12,6899
2,12,7115
1,12,6856
0,12,7346
23,11,7019
22,11,6401
21,11,6304
20,11,6042
19,11,5957
18,11,5861
17,11,4796
16,11,4656
15,11,4405
14,11,3315
13,11,4858
12,11,4264
11,11,5753
10,11,5113
9,11,5820
8,11,5973
7,11,6515
6,11,6705
5,11,6311
4,11,6795
3,11,7175
2,11,7246
1,11,7108
0,11,7508
23,10,6939
22,10,6548
21,10,6348
20,10,6200
19,10,5809
18,10,5889
17,10,4931
16,10,4604
15,10,4587
14,10,3541
13,10,4648
12,10,4340
11,10,5913
10,10,5348
9,10,5815
8,10,5962
7,10,6363
6,10,6740
5,10,6453
4,10,6902
3,10,7067
2,10,7199
1,10,7002
0,10,7429
23,9,6719
22,9,6422
21,9,6549
20,9,6414
19,9,6233
18,9,6127
17,9,5086
16,9,4959
15,9,4708
14,9,3664
13,9,3685
12,9,4661
11,9,6148
10,9,5424
9,9,6058
8,9,6176
7,9,6654
6,9,6809
5,9,6661
4,9,6914
3,9,7186
2,9,7329
1,9,7168
0,9,7629
23,8,7015
22,8,6644
21,8,6667
20,8,6641
19,8,6323
18,8,5975
17,8,5137
16,8,5163
15,8,5059
14,8,4266
13,8,3839
12,8,5243
11,8,6170
10,8,5609
9,8,6094
8,8,6190
7,8,6775
6,8,6918
5,8,6738
4,8,7126
3,8,7266
2,8,7370
1,8,7265
0,8,7753
23,7,7156
22,7,6622
21,7,6581
20,7,6753
19,7,6429
18,7,6192
17,7,5536
16,7,5507
15,7,5207
14,7,4676
13,7,4115
12,7,5290
11,7,6387
10,7,5811
9,7,6257
8,7,6258
7,7,6766
6,7,7123
5,7,6895
4,7,7152
3,7,7404
2,7,7671
1,7,7467
0,7,7745
23,6,7132
22,6,7023
21,6,6896
20,6,6921
19,6,6663
18,6,6390
17,6,5814
16,6,5851
15,6,5391
14,6,4676
13,6,4064
12,6,5411
11,6,6574
10,6,6150
9,6,6505
8,6,6583
7,6,6979
6,6,7322
5,6,7317
4,6,7481
3,6,7673
2,6,7740
1,6,7584
0,6,7992
23,5,7253
22,5,6985
21,5,7074
20,5,7090
19,5,6770
18,5,6488
17,5,5860
16,5,5991
15,5,5731
14,5,4597
13,5,4514
12,5,5435
11,5,6717
10,5,6203
9,5,6519
8,5,6688
7,5,7030
6,5,7348
5,5,7388
4,5,7604
3,5,7788
2,5,7803
1,5,7668
0,5,8225
23,4,7386
22,4,7308
21,4,7268
20,4,7255
19,4,7076
18,4,6734
17,4,6224
16,4,6357
15,4,6112
14,4,5093
13,4,4773
12,4,5998
11,4,6971
10,4,6554
9,4,6852
8,4,6894
7,4,7166
6,4,7583
5,4,7525
4,4,7772
3,4,7861
2,4,7972
1,4,8037
0,4,9121
23,3,7569
22,3,7483
21,3,7437
20,3,7448
19,3,7174
18,3,7159
17,3,6639
16,3,6794
15,3,6268
14,3,5692
13,3,5017
12,3,6005
11,3,7117
10,3,6886
9,3,7083
8,3,7239
7,3,7463
6,3,7833
5,3,7807
4,3,8091
3,3,8075
2,3,8224
1,3,8155
0,3,8784
23,2,7558
22,2,7348
21,2,7551
20,2,7378
19,2,6926
18,2,6955
17,2,6451
16,2,6717
15,2,6383
14,2,5921
13,2,5640
12,2,5808
11,2,7052
10,2,6695
9,2,6979
8,2,7304
7,2,7321
6,2,7768
5,2,7890
4,2,7987
3,2,8076
2,2,8158
1,2,8064
0,2,8604
23,1,7700
22,1,7424
21,1,7538
20,1,7451
19,1,7153
18,1,6988
17,1,6658
16,1,6814
15,1,6718
14,1,6172
13,1,4063
12,1,6257
11,1,7133
10,1,6907
9,1,7106
8,1,7354
7,1,7549
6,1,7806
5,1,7857
4,1,8214
3,1,8272
2,1,8174
1,1,8189
0,1,8680
23,0,7746
22,0,7716
21,0,7654
20,0,7270
19,0,7299
18,0,6963
17,0,6703
16,0,6761
15,0,6766
14,0,6131
13,0,4215
12,0,6513
11,0,7315
10,0,6983
9,0,7366
8,0,7290
7,0,7567
6,0,7842
5,0,7753
4,0,8053
3,0,8306
2,0,8255
1,0,8347
0,0,8699
